9
23
35
35
66
87
109
112
160
193
215
220
231
237
237
251
272
274
330
330
364
373
388
395
398
400
404
441
452
458
470
490
499
502
522
554
561
563
602
615
617
637
639
639
640
670
692
698
700
708
708
723
732
734
746
754
769
769
776
790
796
816
838
854
862
866
867
874
886
894
909
918
937
954
957
969
990
1000
1007
1008
1017
1038
1045
1069
1075
1116
1119
1142
1147
1150
1194
1203
1209
1283
1285
1287
1311
1344
1357
1360
1368
1373
1385
1405
1420
1425
1432
1446
1469
1483
1492
1497
1501
1552
1562
1566
1579
1638
1641
1643
1666
1677
1680
1693
1705
1733
1737
1738
1747
1751
1752
1785
1786
1798
1830
1835
1850
1861
1908
1920
1924
1924
1924
1946
1946
1964
1975
1977
2009
2023
2047
2070
2078
2087
2092
2098
2113
2140
2154
2196
2234
2239
2244
2248
2257
2262
2286
2304
2312
2330
2335
2339
2343
2344
2376
2380
2385
2412
2416
2428
2440
2458
2470
2490
2498
2504
2504
2508
2564
2570
2573
2579
2588
2592
2600
2613
2615
2615
2635
2637
2640
2670
2674
2681
2683
2691
2693
2722
2723
2749
2749
2781
2783
2785
2790
2791
2797
2803
2809
2813
2817
2818
2822
2843
2855
2863
2872
2877
2905
2915
2918
2927
2932
2933
2939
2952
2953
2956
3001
3016
3017
3041
3065
3065
3070
3112
3112
3142
3147
3159
3164
3164
3187
3199
3201
3201
3246
3248
3282
3283
3292
3293
3318
3327
3331
3355
3358
3364
3388
3404
3433
3467
3474
3486
3491
3499
3512
3516
3530
3541
3555
3556
3589
3602
3613
3619
3623
3624
3633
3640
3653
3660
3758
3766
3767
3768
3776
3778
3790
3812
3817
3836
3839
3848
3850
3861
3865
3876
3895
3931
3933
3934
3979
3983
4000
4004
4017
4018
4047
4050
4060
4069
4075
4079
4084
4090
4094
4108
4119
4138
4140
4152
4163
4171
4181
4200
4208
4222
4234
4236
4274
4279
4282
4343
4369
4378
4393
4400
4406
4434
4478
4485
4509
4530
4534
4588
4589
4605
4616
4621
4630
4631
4642
4662
4680
4686
4689
4694
4704
4706
4707
4716
4721
4730
4766
4774
4835
4857
4878
4881
4884
4890
4905
4944
4945
4971
4982
5007
5008
5044
5074
5076
5098
5102
5108
5111
5116
5146
5158
5166
5177
5178
5190
5196
5198
5213
5232
5232
5266
5268
5304
5312
5315
5324
5351
5358
5366
5396
5396
5399
5412
5414
5421
5428
5436
5438
5464
5500
5510
5529
5542
5552
5553
5582
5586
5603
5657
5659
5661
5696
5738
5742
5766
5769
5771
5771
5781
5782
5791
5792
5815
5842
5842
5853
5874
5880
5881
5899
5902
5916
5934
5943
5987
6001
6031
6049
6115
6129
6132
6138
6146
6158
6158
6159
6159
6161
6173
6183
6190
6203
6211
6230
6248
6269
6277
6280
6293
6295
6310
6334
6362
6392
6417
6421
6423
6431
6435
6459
6466
6466
6469
6478
6481
6484
6525
6555
6556
6579
6609
6618
6625
6649
6650
6669
6679
6739
6740
6749
6750
6769
6777
6778
6819
6820
6822
6828
6844
6847
6870
6886
6900
6932
6945
6969
6994
7002
7012
7015
7024
7029
7037
7037
7070
7089
7094
7119
7125
7135
7138
7138
7152
7161
7164
7179
7201
7209
7238
7267
7288
7312
7314
7317
7320
7326
7329
7336
7357
7360
7376
7378
7386
7391
7393
7423
7472
7475
7516
7520
7524
7534
7538
7539
7552
7557
7559
7559
7560
7564
7581
7594
7612
7642
7644
7646
7650
7652
7655
7664
7681
7693
7696
7703
7717
7723
7729
7755
7769
7780
7799
7821
7827
7844
7845
7848
7854
7860
7863
7883
7893
7906
7917
7924
7943
7948
7961
7982
7997
8047
8063
8088
8099
8178
8240
8264
8270
8272
8285
8297
8307
8307
8314
8317
8338
8353
8360
8365
8379
8385
8385
8389
8390
8407
8418
8433
8455
8462
8473
8509
8514
8538
8552
8559
8561
8579
8580
8605
8610
8632
8635
8646
8658
8664
8682
8685
8703
8711
8729
8774
8781
8782
8813
8851
8856
8857
8863
8865
8875
8893
8908
8931
8946
8953
8967
8968
8975
8987
8991
9002
9087
9098
9117
9133
9142
9149
9179
9180
9186
9203
9209
9248
9264
9270
9273
9354
9360
9373
9376
9394
9400
9409
9452
9463
9481
9484
9485
9503
9537
9547
9555
9559
9570
9571
9573
9581
9601
9629
9650
9652
9652
9699
9717
9725
9738
9754
9760
9780
9830
9846
9857
9866
9870
9892
9894
9906
9947
9972
10010
10011
10014
10022
10026
10027
10033
10039
10061
10072
10083
10086
10095
10096
10103
10105
10118
10140
10150
10176
10200
10248
10260
10265
10276
10279
10302
10316
10323
10349
10349
10359
10367
10377
10395
10398
10401
10427
10429
10444
10449
10463
10480
10497
10527
10533
10555
10569
10586
10625
10626
10631
10658
10673
10680
10682
10694
10697
10708
10710
10714
10731
10747
10811
10832
10843
10852
10854
10866
10869
10870
10876
10878
10913
10916
10947
10954
10980
10994
11015
11016
11017
11020
11031
11033
11062
11065
11068
11070
11073
11090
11108
11110
11123
11131
11142
11161
11161
11163
11186
11187
11189
11199
11211
11213
11215
11220
11267
11277
11301
11302
11316
11319
11320
11337
11345
11372
11379
11385
11386
11386
11409
11412
11419
11422
11425
11434
11448
11475
11494
11498
11512
11538
11540
11542
11568
11619
11622
11626
11638
11652
11664
11681
11705
11717
11745
11762
11771
11772
11776
11784
11812
11818
11821
11837
11839
11840
11846
11897
11915
11926
11934
11934
11945
11982
11990
11996
11999
12016
12024
12105
12107
12197
12211
12214
12215
12228
12228
12238
12252
12263
12269
12288
12289
12300
12317
12327
12335
12337
12338
12345
12393
12402
12403
12406
12426
12428
12473
12505
12536
12537
12539
12546
12593
12600
12605
12634
12640
12653
12663
12718
12746
12750
12755
12760
12771
12775
12797
12815
12821
12823
12838
12882
12904
12924
12938
12979
12989
13003
13014
13018
13020
13031
13062
13090
13098
13108
13141
13141
13149
13149
13151
13159
13169
13172
13220
13222
13240
13256
13260
13263
13303
13306
13313
13317
13339
13351
13372
13378
13407
13410
13410
13418
13451
13482
13485
13522
13574
13581
13593
13602
13610
13629
13631
13645
13647
13681
13702
13706
13734
13735
13776
13781
13784
13826
13860
13866
13877
13921
13961
13967
13991
13992
13995
14035
14051
14099
14108
14109
14120
14187
14219
14221
14235
14236
14245
14258
14271
14276
14288
14297
14315
14322
14335
14345
14364
14388
14400
14403
14410
14423
14429
14430
14463
14465
14468
14470
14473
14478
14481
14496
14515
14533
14541
14542
14544
14547
14599
14630
14634
14650
14652
14658
14673
14684
14695
14718
14730
14732
14767
14796
14810
14822
14827
14844
14905
14913
14928
14947
14979
14981
14983
15002
15007
15013
15018
15055
15077
15087
15117
15159
15164
15173
15182
15186
15199
15225
15234
15235
15237
15269
15277
15279
15281
15300
15300
15324
15327
15331
15348
15354
15362
15430
15438
15459
15491
15491
15495
15496
15503
15514
15523
15539
15547
15614
15621
15623
15632
15641
15645
15682
15692
15714
15750
15810
15846
15853
15888
15897
15910
15913
15924
15928
15945
15949
15956
15979
15983
15989
16011
16022
16043
16045
16064
16093
16100
16101
16110
16120
16122
16179
16191
16193
16197
16199
16200
16214
16234
16246
16276
16295
16304
16304
16307
16364
16374
16380
16393
16396
16399
16411
16415
16420
16453
16453
16461
16477
16499
16512
16528
16532
16554
16566
16568
16573
16577
16578
16585
16598
16603
16604
16620
16637
16649
16670
16700
16714
16716
16719
16724
16728
16734
16734
16735
16740
16743
16767
16772
16780
16819
16819
16821
16825
16846
16852
16866
16871
16895
16898
16913
16939
16970
17016
17046
17046
17077
17122
17147
17148
17155
17198
17220
17225
17229
17239
17249
17270
17285
17308
17324
17334
17352
17407
17411
17411
17414
17415
17426
17447
17475
17508
17521
17556
17571
17586
17595
17598
17603
17613
17616
17684
17701
17718
17719
17723
17725
17727
17728
17742
17745
17758
17788
17806
17857
17909
17914
17944
17950
17959
17993
17993
17994
17995
18030
18074
18077
18088
18090
18112
18116
18138
18140
18171
18174
18203
18210
18211
18218
18222
18223
18245
18255
18269
18275
18276
18297
18300
18334
18345
18385
18388
18391
18426
18447
18455
18491
18501
18513
18517
18538
18542
18546
18567
18567
18579
18579
18580
18585
18590
18609
18637
18642
18645
18667
18669
18691
18707
18711
18723
18724
18724
18732
18763
18764
18770
18771
18781
18818
18844
18850
18878
18885
18915
18952
18969
18982
18985
18986
18992
18993
19017
19023
19044
19057
19075
19077
19094
19101
19115
19130
19131
19181
19183
19201
19213
19221
19282
19297
19303
19305
19332
19338
19340
19340
19348
19372
19413
19417
19424
19428
19428
19462
19487
19491
19508
19529
19535
19553
19594
19594
19624
19666
19698
19701
19715
19716
19762
19768
19777
19786
19788
19793
19819
19822
19836
19846
19852
19855
19900
19905
19907
19925
19926
19931
19934
19946
19962
19965
19978
19978
20016
20018
20059
20074
20102
20108
20121
20199
20230
20239
20243
20243
20248
20298
20298
20325
20331
20363
20441
20448
20460
20470
20477
20489
20491
20498
20500
20500
20502
20504
20521
20532
20538
20553
20556
20592
20596
20598
20604
20604
20606
20612
20629
20657
20660
20670
20681
20682
20700
20708
20735
20750
20792
20792
20793
20797
20802
20816
20836
20850
20851
20858
20862
20863
20904
20922
20964
20969
20973
20974
21026
21036
21081
21083
21083
21085
21122
21137
21146
21161
21179
21185
21200
21248
21253
21257
21260
21278
21297
21299
21307
21308
21310
21322
21349
21352
21353
21354
21379
21382
21390
21404
21418
21420
21425
21430
21442
21447
21449
21473
21484
21530
21530
21530
21557
21561
21566
21569
21659
21683
21691
21693
21719
21757
21757
21787
21813
21821
21841
21856
21858
21865
21898
21901
21910
21917
21933
21956
21957
21989
22009
22017
22020
22043
22058
22101
22119
22133
22193
22210
22293
22295
22331
22337
22361
22369
22383
22412
22418
22469
22484
22526
22527
22559
22560
22586
22594
22613
22643
22651
22664
22679
22685
22689
22722
22737
22761
22794
22843
22850
22868
22869
22884
22904
22914
22915
22918
22928
22960
22981
22984
22988
23020
23042
23052
23086
23122
23152
23159
23178
23196
23201
23204
23222
23227
23263
23278
23292
23295
23299
23307
23320
23330
23355
23362
23368
23378
23381
23435
23456
23456
23462
23463
23467
23472
23490
23495
23616
23621
23632
23633
23658
23673
23707
23720
23726
23781
23791
23799
23819
23835
23871
23871
23878
23881
23885
23889
23891
23895
23899
23903
23911
23928
23935
23949
23952
23953
23959
23992
24000
24002
24003
24036
24044
24068
24071
24073
24075
24086
24108
24119
24130
24138
24140
24146
24157
24176
24189
24199
24211
24239
24243
24267
24293
24305
24309
24329
24394
24418
24421
24431
24434
24444
24464
24465
24487
24527
24534
24538
24544
24552
24553
24569
24581
24582
24609
24618
24650
24656
24678
24680
24684
24688
24689
24691
24698
24705
24711
24719
24737
24753
24754
24755
24797
24832
24841
24846
24846
24848
24861
24880
24884
24894
24895
24912
24933
24948
24997
25006
25023
25029
25048
25053
25054
25075
25120
25121
25127
25132
25149
25183
25186
25187
25196
25197
25201
25204
25215
25230
25232
25247
25273
25298
25303
25305
25308
25334
25361
25389
25392
25394
25396
25450
25465
25478
25485
25512
25531
25533
25534
25541
25577
25587
25588
25613
25652
25658
25660
25668
25687
25690
25698
25704
25707
25714
25717
25721
25723
25723
25733
25746
25757
25759
25762
25764
25765
25775
25796
25798
25830
25834
25837
25844
25850
25855
25859
25861
25864
25873
25878
25884
25911
25911
25936
25951
25958
25961
25976
26000
26011
26016
26036
26064
26095
26109
26114
26119
26122
26124
26128
26147
26148
26166
26180
26201
26279
26285
26313
26354
26388
26394
26407
26413
26451
26475
26480
26482
26493
26517
26523
26526
26538
26539
26551
26553
26568
26596
26657
26695
26729
26759
26829
26841
26849
26853
26854
26862
26880
26889
26904
26921
26931
26944
26950
26969
26985
26989
26991
26997
27021
27026
27066
27085
27106
27115
27122
27136
27183
27192
27208
27229
27242
27246
27262
27280
27289
27304
27321
27341
27341
27362
27364
27377
27379
27413
27414
27421
27423
27491
27499
27519
27536
27540
27572
27588
27590
27592
27704
27706
27735
27764
27771
27774
27786
27795
27797
27801
27805
27844
27867
27882
27920
27943
27972
27986
27992
27993
28012
28013
28021
28048
28062
28116
28167
28170
28175
28185
28192
28224
28228
28236
28258
28266
28295
28331
28333
28333
28342
28367
28390
28463
28500
28501
28576
28580
28610
28615
28620
28681
28681
28687
28693
28710
28723
28750
28762
28778
28787
28800
28813
28813
28826
28835
28857
28874
28934
28945
28970
28972
29009
29028
29047
29112
29193
29216
29255
29284
29285
29342
29345
29367
29374
29379
29384
29388
29410
29428
29434
29447
29450
29456
29471
29478
29485
29512
29528
29535
29537
29548
29549
29550
29560
29564
29578
29587
29600
29601
29610
29626
29686
29731
29732
29748
29757
29762
29785
29790
29794
29833
29843
29871
29875
29876
29879
29897
29903
29904
29913
29979
29983
30010
30017
30021
30022
30039
30044
30109
30164
30200
30210
30227
30247
30253
30253
30283
30284
30289
30296
30296
30304
30317
30331
30338
30355
30362
30387
30413
30418
30431
30434
30454
30485
30504
30510
30517
30533
30536
30539
30554
30562
30564
30599
30600
30605
30638
30646
30661
30662
30677
30696
30715
30751
30761
30775
30786
30813
30829
30842
30873
30874
30880
30902
30905
30907
30917
30942
30945
30958
30974
30975
30993
31007
31007
31045
31063
31106
31142
31153
31154
31155
31188
31193
31193
31204
31238
31239
31253
31254
31272
31273
31336
31365
31369
31383
31391
31412
31453
31480
31480
31489
31493
31503
31538
31547
31559
31573
31590
31591
31613
31648
31653
31683
31715
31715
31740
31752
31785
31790
31793
31799
31826
31848
31860
31867
31882
31889
31890
31924
31927
31928
31935
31935
31952
31960
31979
31993
32012
32039
32054
32066
32073
32080
32088
32092
32097
32107
32108
32111
32117
32122
32125
32127
32133
32155
32162
32187
32200
32201
32224
32226
32266
32266
32275
32310
32366
32382
32384
32432
32444
32446
32474
32479
32487
32558
32559
32566
32569
32587
32589
32598
32615
32634
32646
32654
32681
32703
32718
32718
32720
32737
32782
32798
32846
32873
32885
32897
32908
32934
32946
32962
32968
32976
32986
32991
32997
33009
33033
33060
33061
33069
33088
33104
33129
33140
33142
33157
33160
33166
33170
33203
33205
33209
33216
33278
33321
33324
33338
33350
33356
33368
33375
33392
33393
33403
33404
33432
33434
33440
33478
33495
33523
33529
33552
33554
33554
33568
33585
33595
33599
33622
33651
33652
33666
33670
33675
33701
33762
33771
33774
33775
33779
33790
33792
33803
33835
33838
33873
33883
33887
33897
33910
33930
33944
33947
33952
33953
33954
33959
33994
34002
34019
34020
34033
34035
34062
34085
34087
34099
34110
34128
34178
34178
34183
34292
34319
34351
34360
34388
34393
34395
34437
34471
34474
34479
34484
34486
34492
34506
34521
34530
34544
34547
34581
34588
34600
34635
34700
34701
34710
34714
34735
34753
34759
34768
34773
34775
34799
34803
34822
34833
34833
34866
34869
34891
34898
34922
34929
34929
34946
34957
34959
34995
34995
35000
35010
35012
35043
35070
35094
35095
35102
35114
35127
35171
35173
35174
35185
35206
35209
35223
35232
35265
35283
35310
35311
35316
35331
35339
35356
35358
35369
35387
35390
35392
35401
35413
35433
35447
35456
35464
35492
35508
35511
35530
35535
35535
35543
35548
35556
35590
35595
35608
35616
35620
35631
35663
35670
35717
35731
35745
35748
35771
35780
35788
35790
35801
35836
35865
35878
35893
35906
35909
35937
35939
35979
35990
35994
36021
36054
36057
36072
36088
36093
36101
36106
36185
36213
36215
36216
36240
36240
36255
36257
36278
36282
36295
36327
36331
36366
36382
36403
36410
36416
36418
36453
36464
36484
36491
36501
36511
36514
36517
36518
36574
36575
36600
36612
36630
36632
36651
36656
36678
36682
36685
36687
36692
36697
36702
36702
36713
36720
36720
36742
36752
36784
36791
36805
36834
36869
36870
36879
36881
36900
36910
36982
36999
37003
37035
37039
37046
37075
37117
37120
37156
37247
37261
37265
37284
37289
37291
37304
37310
37310
37317
37365
37419
37429
37487
37494
37494
37531
37549
37553
37554
37579
37584
37599
37610
37629
37634
37664
37669
37678
37736
37736
37763
37770
37780
37787
37788
37800
37810
37815
37826
37836
37842
37853
37857
37857
37865
37886
37901
37904
37951
37965
38040
38041
38050
38074
38084
38089
38093
38104
38111
38123
38148
38178
38183
38201
38250
38275
38286
38294
38297
38362
38381
38387
38390
38448
38451
38468
38468
38469
38477
38491
38492
38542
38542
38545
38547
38558
38599
38647
38654
38656
38678
38680
38687
38694
38702
38705
38717
38720
38735
38742
38766
38793
38822
38823
38836
38836
38841
38858
38865
38867
38876
38890
38897
38932
38936
38953
38973
39000
39019
39024
39034
39035
39058
39059
39095
39100
39121
39137
39139
39141
39155
39186
39202
39227
39252
39259
39298
39305
39323
39348
39386
39411
39419
39420
39426
39445
39450
39450
39473
39489
39503
39508
39511
39523
39539
39544
39567
39597
39599
39608
39622
39626
39633
39643
39645
39693
39696
39702
39739
39741
39745
39746
39765
39770
39779
39779
39782
39804
39806
39818
39825
39850
39850
39852
39854
39861
39865
39884
39891
39893
39917
39943
39961
39978
39978
40008
40070
40071
40082
40092
40097
40099
40100
40183
40192
40199
40202
40204
40223
40225
40227
40255
40259
40266
40274
40281
40288
40317
40322
40333
40334
40369
40371
40374
40389
40400
40427
40447
40449
40460
40462
40474
40503
40516
40534
40540
40540
40567
40574
40576
40600
40648
40654
40677
40683
40704
40712
40716
40736
40737
40741
40755
40767
40769
40775
40790
40816
40839
40840
40843
40852
40881
40918
40921
40944
40950
41005
41037
41055
41075
41111
41125
41127
41134
41183
41194
41195
41254
41256
41258
41281
41295
41316
41323
41323
41350
41377
41377
41390
41409
41427
41475
41487
41488
41502
41506
41517
41526
41533
41553
41564
41568
41571
41586
41629
41630
41646
41656
41663
41672
41677
41682
41695
41705
41711
41729
41735
41736
41746
41761
41763
41791
41793
41800
41815
41829
41843
41865
41880
41916
41918
41922
41928
41931
41942
41949
41969
41974
41974
41981
41982
42007
42031
42057
42059
42066
42080
42082
42096
42102
42104
42106
42118
42147
42164
42201
42211
42223
42240
42260
42264
42269
42320
42325
42348
42365
42371
42406
42420
42435
42438
42450
42456
42483
42485
42488
42504
42512
42527
42546
42558
42570
42578
42596
42605
42609
42610
42635
42674
42680
42698
42744
42751
42753
42762
42777
42793
42807
42846
42857
42869
42878
42887
42917
42924
42934
42944
42944
42952
42955
42985
42985
42999
43014
43023
43042
43055
43062
43085
43096
43122
43122
43126
43133
43134
43136
43147
43172
43177
43181
43195
43234
43248
43252
43278
43321
43342
43356
43384
43397
43431
43443
43449
43462
43466
43527
43554
43555
43607
43612
43630
43630
43654
43662
43665
43670
43687
43689
43692
43718
43747
43771
43774
43802
43804
43814
43822
43844
43848
43859
43874
43912
43950
43954
43959
44004
44011
44019
44051
44068
44075
44076
44100
44104
44116
44118
44183
44188
44198
44202
44218
44225
44255
44285
44292
44303
44311
44322
44358
44377
44385
44389
44391
44401
44421
44466
44477
44502
44506
44532
44550
44563
44582
44595
44610
44613
44621
44635
44647
44654
44660
44691
44691
44728
44734
44751
44770
44781
44791
44791
44801
44806
44817
44834
44839
44879
44893
44898
44914
44917
44933
44958
44964
44984
44984
45002
45012
45014
45024
45043
45074
45078
45096
45110
45128
45143
45177
45196
45271
45274
45279
45315
45317
45318
45330
45342
45363
45380
45382
45414
45417
45470
45472
45476
45480
45484
45487
45487
45490
45497
45501
45523
45526
45547
45563
45621
45630
45630
45633
45639
45641
45661
45680
45690
45720
45735
45736
45768
45796
45800
45830
45847
45854
45863
45869
45896
45925
45925
45926
45937
45940
45956
45960
45966
45966
45997
46005
46016
46023
46031
46053
46079
46101
46112
46126
46133
46153
46168
46177
46181
46188
46235
46257
46272
46273
46288
46293
46305
46305
46314
46332
46339
46344
46365
46367
46369
46370
46372
46380
46386
46422
46428
46441
46443
46462
46467
46467
46470
46474
46477
46492
46520
46538
46538
46570
46570
46586
46593
46606
46614
46649
46665
46678
46687
46716
46717
46731
46739
46747
46753
46758
46766
46786
46793
46798
46814
46853
46861
46864
46866
46867
46878
46901
46923
46933
46936
46940
46941
46955
46962
46974
46999
47001
47013
47026
47033
47041
47046
47049
47056
47057
47062
47065
47075
47139
47148
47164
47180
47189
47191
47216
47229
47262
47264
47267
47276
47303
47307
47320
47321
47332
47332
47354
47360
47382
47389
47408
47461
47464
47470
47503
47506
47513
47535
47536
47542
47548
47551
47555
47583
47589
47620
47648
47660
47665
47675
47708
47716
47745
47746
47749
47750
47764
47768
47778
47801
47803
47806
47807
47851
47854
47867
47874
47879
47891
47891
47897
47911
47915
47918
47957
47978
47988
48014
48022
48031
48033
48059
48081
48105
48122
48142
48151
48151
48163
48184
48187
48204
48215
48221
48227
48242
48245
48253
48270
48274
48281
48291
48294
48301
48303
48338
48357
48369
48372
48390
48404
48424
48426
48439
48469
48477
48489
48508
48525
48533
48538
48548
48569
48577
48584
48586
48588
48590
48592
48651
48655
48672
48696
48727
48729
48752
48761
48778
48778
48779
48807
48811
48864
48883
48894
48896
48898
48966
48985
49012
49036
49037
49040
49054
49070
49085
49104
49118
49134
49136
49139
49142
49155
49188
49188
49212
49220
49240
49253
49266
49299
49304
49311
49312
49320
49336
49355
49386
49434
49453
49489
49516
49523
49524
49545
49559
49567
49572
49587
49588
49612
49614
49619
49631
49657
49660
49662
49676
49678
49706
49743
49779
49782
49794
49796
49814
49826
49827
49828
49838
49861
49863
49881
49889
49901
49915
49922
49924
49940
49940
49941
49953
49970
49983
50003
50003
50005
50020
50091
50115
50148
50151
50152
50180
50199
50209
50214
50228
50247
50257
50266
50272
50303
50316
50349
50351
50372
50378
50395
50404
50411
50427
50447
50447
50457
50466
50473
50481
50489
50499
50525
50537
50537
50551
50554
50555
50566
50569
50576
50598
50605
50610
50625
50627
50634
50659
50661
50667
50692
50703
50706
50736
50738
50743
50743
50807
50817
50847
50862
50868
50881
50883
50891
50897
50897
50907
50920
50953
50955
50956
50966
50966
50974
50980
50989
51010
51015
51072
51077
51082
51097
51105
51146
51148
51154
51176
51188
51191
51210
51219
51233
51254
51261
51273
51281
51307
51314
51346
51382
51399
51400
51414
51431
51447
51467
51472
51563
51569
51635
51646
51656
51690
51692
51743
51763
51789
51789
51817
51821
51855
51881
51887
51931
51932
52001
52009
52049
52053
52055
52083
52103
52117
52183
52186
52195
52202
52227
52229
52243
52244
52254
52275
52280
52285
52364
52391
52392
52397
52407
52430
52438
52449
52456
52459
52461
52496
52504
52509
52526
52578
52593
52602
52614
52616
52632
52641
52647
52649
52655
52669
52706
52723
52753
52757
52762
52763
52853
52869
52877
52891
52895
52902
52937
53008
53016
53063
53070
53082
53147
53155
53184
53186
53209
53245
53245
53252
53260
53270
53270
53286
53292
53295
53306
53316
53319
53321
53324
53340
53349
53384
53398
53400
53422
53428
53443
53494
53510
53519
53535
53560
53580
53581
53584
53587
53612
53638
53650
53660
53671
53678
53690
53736
53741
53750
53755
53761
53777
53824
53850
53850
53873
53904
53909
53920
53936
53949
53976
53979
53997
54006
54030
54039
54080
54160
54162
54218
54296
54300
54342
54354
54359
54361
54378
54409
54414
54422
54427
54454
54455
54503
54599
54618
54621
54651
54654
54660
54666
54682
54692
54708
54740
54754
54773
54793
54856
54860
54865
54898
54903
54904
54939
54941
54942
54970
54999
55025
55043
55053
55071
55090
55102
55124
55130
55137
55157
55172
55174
55177
55185
55200
55211
55217
55221
55231
55236
55240
55246
55250
55264
55286
55299
55304
55305
55308
55329
55347
55392
55394
55403
55413
55418
55461
55478
55487
55555
55559
55568
55589
55610
55634
55634
55645
55658
55675
55679
55680
55693
55695
55701
55705
55715
55721
55731
55762
55765
55785
55786
55788
55789
55793
55804
55811
55823
55834
55842
55859
55865
55872
55885
55898
55938
55941
55942
55944
55951
55956
55960
55970
55973
55989
55996
56021
56024
56025
56030
56038
56039
56068
56079
56091
56110
56122
56127
56137
56147
56156
56180
56183
56198
56200
56212
56229
56234
56280
56288
56303
56305
56311
56324
56328
56331
56341
56354
56364
56366
56414
56418
56425
56452
56463
56469
56502
56520
56524
56525
56598
56651
56655
56692
56706
56745
56787
56788
56793
56810
56832
56853
56879
56889
56896
56954
56962
57014
57028
57055
57090
57094
57111
57117
57122
57134
57134
57138
57151
57151
57161
57172
57183
57184
57193
57196
57214
57245
57267
57271
57320
57345
57349
57357
57368
57371
57373
57373
57382
57400
57405
57442
57445
57450
57452
57510
57520
57526
57531
57560
57572
57607
57613
57619
57621
57637
57650
57709
57716
57725
57749
57752
57753
57769
57776
57783
57796
57806
57809
57822
57826
57833
57856
57863
57887
57899
57907
57908
57925
57945
57953
57954
57955
57973
57997
58015
58030
58050
58062
58076
58089
58093
58104
58104
58107
58136
58150
58156
58169
58206
58214
58223
58227
58238
58240
58260
58271
58302
58307
58311
58318
58323
58349
58353
58359
58359
58400
58407
58431
58455
58462
58474
58500
58503
58511
58512
58523
58524
58531
58543
58564
58576
58608
58619
58629
58634
58652
58661
58661
58664
58670
58675
58680
58683
58690
58690
58692
58700
58730
58731
58754
58754
58755
58764
58765
58782
58786
58796
58818
58824
58835
58844
58867
58881
58882
58887
58907
58920
58934
58936
58978
59010
59011
59014
59120
59122
59125
59131
59135
59143
59207
59225
59236
59263
59283
59285
59303
59304
59307
59312
59336
59348
59353
59356
59364
59388
59418
59436
59444
59484
59489
59493
59502
59530
59584
59589
59590
59595
59599
59603
59609
59613
59615
59619
59635
59641
59656
59672
59686
59700
59700
59701
59715
59720
59743
59748
59751
59754
59757
59778
59796
59818
59826
59834
59849
59856
59859
59877
59897
59937
59947
59949
59975
59982
59994
60007
60022
60038
60039
60049
60070
60092
60105
60125
60128
60135
60158
60166
60188
60194
60195
60196
60199
60211
60224
60225
60280
60286
60288
60307
60318
60340
60353
60357
60368
60388
60397
60420
60422
60442
60456
60485
60506
60519
60535
60536
60545
60565
60624
60649
60689
60694
60697
60732
60738
60772
60790
60795
60818
60819
60857
60903
60912
60927
60949
60955
60986
60997
60999
61026
61029
61043
61054
61087
61140
61147
61163
61169
61172
61175
61176
61183
61188
61191
61226
61240
61259
61284
61298
61311
61311
61315
61317
61332
61342
61355
61387
61409
61418
61425
61435
61439
61468
61481
61497
61512
61514
61531
61539
61549
61606
61607
61609
61631
61642
61654
61674
61678
61690
61742
61761
61776
61785
61843
61856
61859
61880
61888
61913
61925
61927
61937
61954
61970
61974
61978
62017
62020
62031
62039
62049
62068
62073
62085
62100
62104
62120
62137
62155
62162
62173
62207
62207
62219
62229
62233
62245
62248
62254
62267
62279
62289
62320
62333
62340
62355
62359
62425
62428
62460
62471
62477
62479
62487
62518
62547
62558
62577
62586
62593
62595
62622
62627
62639
62665
62672
62701
62744
62774
62778
62786
62791
62793
62797
62852
62853
62856
62868
62891
62904
62904
62927
62935
62945
62951
62964
62995
63001
63052
63096
63106
63119
63122
63143
63149
63152
63165
63168
63170
63210
63214
63238
63238
63241
63259
63260
63264
63283
63289
63290
63319
63325
63352
63367
63383
63394
63397
63402
63403
63417
63438
63445
63467
63471
63475
63511
63523
63525
63566
63598
63610
63622
63623
63639
63668
63745
63757
63763
63776
63786
63788
63795
63808
63865
63870
63934
63955
63973
63974
63975
63989
63989
64002
64014
64021
64021
64027
64059
64063
64071
64078
64081
64103
64112
64128
64131
64136
64171
64190
64193
64194
64199
64224
64261
64280
64287
64313
64323
64338
64359
64375
64389
64434
64440
64447
64462
64465
64474
64476
64491
64500
64515
64535
64541
64569
64598
64607
64608
64611
64612
64616
64635
64669
64672
64739
64744
64804
64822
64847
64861
64863
64895
64921
64928
64938
64955
64965
64978
65005
65009
65018
65045
65047
65050
65053
65055
65062
65069
65071
65087
65096
65097
65098
65104
65115
65116
65124
65143
65162
65168
65258
65262
65270
65301
65301
65308
65328
65333
65346
65371
65379
65387
65394
65432
65493
65510
65519
65526
65528
65569
65579
65579
65594
65602
65621
65638
65643
65652
65653
65655
65656
65664
65668
65675
65680
65709
65710
65721
65743
65745
65776
65789
65823
65839
65850
65858
65885
65903
65905
65941
65953
65960
65969
65981
65984
66007
66024
66038
66119
66144
66149
66151
66158
66170
66172
66179
66193
66235
66240
66254
66318
66340
66341
66348
66352
66362
66376
66378
66387
66392
66396
66423
66443
66450
66454
66483
66490
66521
66527
66528
66531
66539
66593
66607
66622
66665
66668
66703
66705
66705
66769
66772
66806
66807
66853
66857
66864
66882
66896
66913
66927
66948
66952
66963
66969
66996
66998
67010
67013
67023
67048
67051
67065
67071
67087
67132
67136
67140
67144
67145
67149
67180
67189
67222
67235
67272
67316
67333
67370
67375
67393
67426
67429
67478
67494
67523
67598
67603
67622
67622
67627
67659
67669
67672
67673
67681
67725
67734
67749
67767
67795
67811
67822
67827
67829
67835
67839
67887
67903
67918
67969
67975
68001
68001
68016
68034
68042
68047
68097
68134
68135
68144
68149
68153
68167
68177
68192
68217
68237
68251
68257
68275
68304
68305
68329
68341
68352
68358
68361
68365
68379
68379
68383
68383
68390
68433
68433
68445
68445
68458
68463
68463
68470
68478
68498
68503
68537
68564
68578
68596
68596
68597
68599
68621
68632
68648
68667
68667
68677
68695
68707
68727
68744
68764
68766
68767
68799
68806
68807
68832
68839
68851
68877
68894
68903
68906
68926
68937
68940
68943
68943
68968
68977
68980
68982
68983
69052
69103
69104
69120
69123
69134
69143
69168
69173
69175
69186
69194
69224
69226
69265
69267
69275
69275
69275
69281
69283
69285
69361
69366
69385
69402
69421
69426
69427
69427
69428
69446
69456
69462
69482
69490
69493
69511
69527
69544
69552
69556
69590
69611
69657
69685
69699
69722
69737
69737
69757
69783
69784
69787
69791
69810
69821
69823
69843
69844
69885
69917
69947
69959
69970
69974
69991
69996
70017
70018
70022
70026
70052
70056
70062
70064
70072
70073
70118
70132
70133
70136
70147
70190
70221
70231
70250
70251
70254
70254
70266
70268
70292
70299
70304
70326
70330
70358
70409
70415
70430
70453
70480
70508
70514
70526
70547
70553
70581
70644
70660
70665
70666
70704
70714
70755
70761
70770
70776
70799
70803
70816
70844
70848
70858
70887
70901
70907
70921
70926
70942
70951
70955
70997
71024
71028
71030
71083
71091
71095
71102
71110
71119
71132
71138
71151
71180
71201
71205
71226
71233
71235
71240
71247
71252
71255
71259
71269
71271
71273
71277
71335
71354
71368
71375
71376
71401
71410
71416
71417
71449
71465
71467
71468
71471
71474
71489
71494
71541
71553
71569
71577
71611
71639
71641
71651
71656
71660
71666
71680
71690
71704
71708
71728
71749
71760
71777
71777
71794
71802
71828
71849
71862
71877
71877
71892
71906
71928
71957
71970
71981
71990
72010
72020
72021
72024
72060
72096
72097
72104
72125
72129
72144
72157
72164
72209
72210
72233
72246
72254
72254
72258
72263
72284
72317
72399
72439
72459
72466
72469
72469
72498
72501
72557
72570
72573
72592
72598
72631
72635
72645
72680
72714
72715
72733
72733
72734
72743
72749
72771
72784
72786
72796
72796
72802
72817
72822
72828
72862
72886
72889
72907
72907
72913
72920
72924
72955
72981
73030
73032
73033
73041
73063
73072
73091
73102
73105
73122
73125
73127
73129
73137
73153
73157
73186
73186
73190
73196
73225
73286
73288
73290
73304
73315
73320
73320
73333
73342
73349
73360
73368
73389
73397
73401
73415
73427
73432
73440
73463
73477
73482
73507
73508
73518
73529
73540
73546
73549
73590
73592
73603
73614
73630
73632
73633
73641
73703
73705
73713
73735
73745
73747
73750
73754
73758
73773
73778
73816
73824
73832
73879
73885
73887
73897
73928
73964
74006
74019
74020
74027
74037
74051
74052
74081
74086
74093
74122
74122
74134
74144
74153
74189
74196
74212
74214
74220
74249
74256
74278
74284
74317
74335
74354
74372
74381
74381
74402
74404
74407
74414
74462
74471
74474
74477
74501
74506
74511
74527
74529
74542
74549
74551
74608
74614
74661
74720
74728
74764
74776
74792
74796
74800
74810
74828
74836
74837
74853
74863
74877
74879
74900
74900
74914
74923
74936
74937
74947
74971
74971
75049
75098
75122
75157
75172
75214
75235
75242
75252
75255
75264
75265
75279
75303
75330
75332
75354
75356
75356
75362
75366
75369
75370
75372
75385
75388
75407
75417
75444
75445
75452
75454
75467
75478
75488
75501
75503
75510
75521
75533
75536
75553
75569
75619
75621
75654
75664
75673
75682
75686
75689
75694
75719
75734
75743
75746
75791
75799
75813
75829
75834
75887
75889
75917
75940
75963
75969
75976
75980
76016
76017
76018
76036
76057
76061
76064
76075
76082
76088
76100
76121
76128
76152
76206
76208
76213
76225
76255
76256
76273
76279
76295
76314
76353
76359
76380
76391
76395
76422
76453
76456
76469
76487
76505
76520
76537
76539
76545
76546
76557
76568
76572
76619
76643
76654
76669
76670
76672
76693
76696
76720
76750
76756
76760
76772
76795
76809
76819
76824
76831
76834
76838
76840
76861
76865
76876
76878
76878
76883
76886
76896
76904
76917
76918
76932
76942
76995
77011
77014
77022
77040
77056
77056
77065
77100
77131
77145
77153
77155
77156
77160
77190
77195
77201
77208
77218
77223
77237
77247
77251
77295
77364
77376
77391
77399
77404
77421
77438
77458
77465
77477
77477
77493
77501
77542
77546
77602
77622
77625
77646
77667
77684
77723
77740
77741
77760
77761
77779
77791
77796
77808
77808
77814
77833
77855
77859
77893
77905
77914
77919
77921
77939
77944
77950
77970
77980
77980
77983
77999
78014
78055
78071
78079
78098
78111
78149
78155
78157
78165
78165
78195
78199
78206
78216
78262
78285
78295
78338
78372
78390
78393
78420
78430
78435
78446
78447
78482
78493
78494
78498
78511
78548
78560
78565
78571
78592
78598
78601
78607
78627
78635
78647
78677
78688
78746
78755
78800
78807
78830
78834
78846
78901
78923
78928
78949
78951
78981
78985
78989
78997
79012
79017
79023
79029
79036
79036
79045
79051
79075
79082
79083
79086
79099
79119
79126
79188
79196
79198
79202
79221
79228
79234
79247
79248
79253
79256
79277
79334
79338
79346
79361
79413
79416
79422
79432
79434
79449
79467
79491
79520
79554
79569
79591
79596
79602
79611
79632
79640
79649
79655
79757
79781
79802
79826
79833
79863
79901
79916
79919
79929
79957
79996
79997
80022
80025
80031
80036
80109
80139
80148
80150
80159
80164
80179
80184
80187
80190
80229
80235
80248
80251
80262
80267
80268
80284
80293
80307
80313
80330
80394
80395
80397
80405
80433
80478
80492
80505
80507
80525
80526
80527
80535
80569
80585
80585
80601
80663
80671
80676
80690
80703
80715
80717
80717
80720
80726
80750
80752
80757
80851
80864
80869
80871
80873
80903
80909
80966
80978
81018
81024
81025
81032
81032
81053
81067
81068
81076
81099
81159
81162
81167
81177
81180
81218
81280
81309
81325
81329
81335
81375
81400
81463
81505
81515
81529
81532
81555
81578
81580
81581
81606
81608
81623
81625
81625
81674
81700
81706
81706
81708
81754
81758
81774
81790
81793
81818
81840
81856
81858
81877
81894
81904
81956
81973
81987
81994
82012
82081
82099
82121
82129
82136
82149
82187
82190
82195
82203
82214
82224
82245
82305
82305
82315
82320
82328
82375
82395
82400
82422
82450
82468
82484
82505
82561
82577
82595
82601
82621
82637
82660
82675
82679
82683
82684
82719
82734
82746
82751
82760
82778
82783
82804
82829
82835
82840
82842
82868
82873
82906
82936
82949
82966
82971
82973
82973
82991
82996
83003
83005
83012
83015
83018
83020
83053
83107
83114
83122
83123
83128
83131
83134
83136
83143
83146
83155
83196
83201
83214
83226
83256
83263
83293
83293
83294
83316
83333
83344
83355
83373
83384
83414
83416
83421
83428
83431
83438
83480
83505
83514
83528
83560
83562
83567
83573
83592
83593
83602
83620
83622
83639
83655
83668
83700
83701
83753
83761
83769
83773
83782
83785
83788
83794
83801
83804
83809
83814
83814
83818
83826
83829
83831
83850
83864
83877
83879
83952
83953
84025
84029
84052
84086
84094
84108
84113
84118
84125
84129
84131
84144
84154
84184
84199
84207
84238
84242
84254
84292
84299
84301
84309
84317
84324
84331
84348
84352
84376
84406
84417
84429
84435
84443
84451
84453
84458
84485
84493
84538
84545
84546
84562
84569
84576
84602
84623
84624
84633
84650
84652
84674
84698
84702
84704
84720
84732
84733
84738
84738
84745
84747
84758
84758
84759
84779
84812
84832
84844
84846
84847
84897
84902
84903
84912
84937
84941
84958
84963
84968
84988
85007
85073
85085
85110
85124
85162
85175
85176
85179
85192
85199
85215
85221
85250
85251
85263
85267
85283
85291
85293
85304
85309
85310
85319
85335
85383
85438
85469
85480
85490
85497
85500
85501
85528
85533
85553
85577
85587
85592
85598
85605
85608
85608
85616
85641
85647
85661
85674
85705
85705
85713
85716
85724
85797
85811
85842
85941
85945
85947
85953
85954
85963
85966
85968
85969
85983
85993
86018
86031
86031
86068
86072
86085
86093
86106
86117
86148
86219
86231
86258
86260
86271
86274
86289
86313
86370
86371
86425
86428
86432
86437
86454
86469
86470
86487
86488
86489
86499
86499
86510
86536
86536
86542
86550
86588
86598
86620
86638
86672
86687
86707
86723
86773
86785
86800
86805
86810
86826
86921
86925
86930
86945
86953
86959
86984
86999
87027
87034
87052
87058
87061
87097
87116
87126
87142
87142
87164
87171
87173
87204
87215
87217
87221
87232
87254
87278
87300
87302
87320
87336
87340
87346
87368
87373
87376
87402
87423
87449
87483
87507
87520
87533
87552
87556
87560
87561
87574
87577
87608
87620
87639
87641
87667
87674
87691
87700
87712
87718
87723
87743
87784
87816
87854
87856
87871
87876
87887
87949
87954
87958
87963
87966
87997
88026
88027
88036
88037
88042
88042
88079
88082
88096
88121
88126
88131
88134
88137
88151
88177
88178
88182
88239
88264
88290
88325
88363
88366
88367
88402
88408
88427
88436
88437
88442
88457
88478
88484
88484
88501
88508
88553
88567
88569
88573
88588
88615
88615
88615
88627
88629
88634
88634
88648
88651
88654
88672
88680
88694
88695
88708
88712
88735
88753
88754
88763
88776
88788
88815
88841
88879
88884
88897
88912
88929
88929
88936
88941
88954
88980
88980
88993
88996
88999
89017
89023
89056
89090
89104
89116
89116
89128
89139
89141
89149
89151
89171
89192
89212
89219
89242
89251
89262
89267
89276
89336
89338
89346
89357
89383
89391
89400
89415
89426
89434
89436
89438
89452
89481
89497
89531
89531
89535
89537
89539
89539
89558
89565
89590
89629
89658
89669
89692
89706
89754
89783
89790
89790
89802
89805
89811
89814
89815
89817
89826
89841
89843
89845
89847
89849
89850
89856
89870
89882
89913
89978
89982
89991
89992
89992
89994
90007
90009
90013
90020
90024
90059
90083
90093
90100
90104
90112
90113
90117
90121
90143
90143
90192
90205
90219
90230
90252
90285
90320
90328
90348
90356
90359
90369
90418
90423
90437
90444
90462
90505
90528
90535
90549
90584
90592
90607
90627
90635
90657
90679
90690
90698
90702
90714
90725
90728
90741
90752
90777
90783
90818
90828
90842
90851
90872
90906
90915
90928
90945
91012
91019
91031
91035
91082
91090
91102
91114
91122
91122
91122
91150
91154
91156
91180
91204
91205
91228
91253
91256
91299
91306
91385
91390
91418
91438
91458
91467
91485
91492
91499
91530
91542
91545
91547
91548
91557
91639
91645
91652
91675
91689
91700
91702
91707
91717
91771
91777
91784
91820
91875
91884
91901
91910
91912
91923
91939
91942
92018
92022
92027
92085
92094
92128
92168
92195
92195
92196
92205
92255
92256
92263
92266
92272
92274
92275
92282
92288
92314
92323
92326
92351
92404
92430
92432
92434
92436
92457
92473
92494
92537
92558
92562
92562
92566
92601
92614
92619
92640
92661
92670
92679
92692
92695
92701
92712
92730
92751
92756
92767
92795
92797
92805
92814
92816
92817
92888
92914
92922
92923
92939
92958
92968
92988
93000
93045
93045
93068
93122
93124
93125
93175
93176
93230
93232
93232
93235
93236
93244
93249
93253
93254
93256
93268
93280
93300
93301
93317
93351
93359
93376
93413
93436
93451
93454
93467
93491
93493
93511
93527
93535
93583
93584
93585
93592
93595
93624
93631
93633
93634
93641
93670
93678
93678
93681
93711
93726
93742
93772
93775
93831
93860
93867
93870
93891
93894
93900
93908
93908
93911
93922
93958
93960
93963
93975
93984
93988
94005
94007
94035
94042
94083
94085
94088
94135
94146
94153
94156
94209
94222
94238
94251
94282
94299
94313
94319
94333
94353
94359
94369
94399
94414
94417
94427
94436
94448
94455
94458
94462
94470
94515
94521
94523
94528
94535
94535
94566
94598
94609
94613
94654
94683
94728
94743
94745
94768
94793
94804
94814
94830
94839
94840
94840
94851
94881
94900
94916
94922
94930
94934
94966
94973
94991
95026
95027
95031
95041
95060
95073
95101
95104
95104
95143
95143
95152
95155
95161
95203
95217
95236
95263
95274
95294
95295
95307
95338
95339
95371
95380
95390
95393
95403
95426
95429
95439
95458
95477
95477
95479
95493
95493
95494
95496
95502
95525
95526
95536
95563
95564
95564
95566
95571
95573
95582
95600
95610
95611
95620
95641
95646
95652
95704
95742
95771
95771
95832
95835
95859
95862
95868
95892
95917
95928
95932
95941
95949
95975
96022
96034
96061
96068
96084
96096
96099
96102
96102
96103
96124
96140
96154
96154
96176
96188
96197
96206
96211
96220
96226
96234
96267
96283
96317
96318
96323
96330
96335
96335
96336
96357
96373
96383
96406
96424
96428
96438
96447
96470
96495
96496
96524
96533
96557
96583
96595
96621
96626
96637
96640
96662
96687
96698
96724
96727
96780
96784
96786
96821
96843
96903
96932
96943
96956
96958
96971
97000
97002
97008
97012
97015
97033
97044
97049
97055
97062
97096
97110
97124
97147
97152
97196
97210
97212
97232
97235
97236
97281
97282
97307
97329
97332
97340
97360
97368
97379
97379
97386
97403
97419
97426
97431
97433
97435
97457
97494
97499
97504
97516
97530
97532
97533
97543
97571
97623
97629
97651
97653
97675
97675
97696
97724
97738
97751
97764
97784
97809
97832
97834
97877
97906
97914
97915
97924
97930
97941
97948
98006
98014
98019
98044
98044
98045
98050
98050
98056
98080
98082
98090
98110
98155
98173
98193
98197
98204
98207
98220
98233
98243
98246
98263
98264
98311
98314
98322
98322
98364
98364
98365
98376
98384
98387
98400
98428
98437
98450
98460
98463
98497
98515
98563
98564
98564
98573
98577
98603
98628
98647
98681
98682
98691
98694
98698
98704
98705
98730
98740
98742
98750
98786
98800
98813
98821
98821
98845
98846
98862
98885
98888
98906
98943
98951
98955
98958
98978
98980
98987
98989
99015
99024
99056
99059
99069
99082
99084
99118
99124
99132
99142
99143
99149
99162
99195
99206
99234
99237
99243
99245
99277
99283
99303
99313
99314
99359
99381
99435
99472
99483
99524
99540
99550
99598
99599
99663
99666
99676
99699
99719
99728
99756
99811
99816
99839
99862
99883
99886
99906
99913
99936
99961
99971
99971
99983
99991
